accuracy: 0.7040963855421687
precision: 0.720932384412186
recall: 0.7040963855421687
roc_auc_score: 0.7727470025095268
