accuracy: 0.7015740443302281
precision: 0.7086797611293421
recall: 0.7015740443302281
roc_auc_score: 0.7730434268925837
