accuracy: 0.7040963855421687
precision: 0.7211941500362063
recall: 0.7040963855421687
roc_auc_score: 0.7728241472255785
