accuracy: 0.7007228915662651
precision: 0.7084000118119537
recall: 0.7007228915662651
roc_auc_score: 0.7740050190538154
