accuracy: 0.7074698795180723
precision: 0.7163574615657132
recall: 0.7074698795180723
roc_auc_score: 0.7807166093503113
