accuracy: 0.6296296296296297
precision: 0.6402116402116401
recall: 0.6296296296296297
roc_auc_score: 0.7409722222222224
