accuracy: 0.7026506024096385
precision: 0.7177145966081216
recall: 0.7026506024096385
roc_auc_score: 0.7755316479226693
