accuracy: 0.7012048192771084
precision: 0.7088244912221398
recall: 0.7012048192771084
roc_auc_score: 0.7750088298168976
