accuracy: 0.5961538461538461
precision: 0.6787941787941788
recall: 0.5961538461538461
roc_auc_score: 0.7053030303030303
