accuracy: 0.5172413793103449
precision: 0.5244663382594417
recall: 0.5172413793103449
roc_auc_score: 0.5805288461538461
